10,157
10,135
10,273
10,25
10,239
10,121
379,3
11,11
379,2
379,1
379,0
374,4
374,3
374,2
9,2
374,1
374,0
369,3
369,2
369,1
369,0
8,15
367,4
367,3
8,5
8,13
367,2
367,1
366,5
366,4
366,3
8,8
8,2
8,3
366,1
362,3
362,2
362,1
361,3
361,1
360,3
360,1
359,3
359,1
356,3
356,2
356,1
20,3
20,2
20,1
19,3
19,2
19,1
17,3
17,2
17,1
16,3
16,2
16,1
15,3
15,2
15,1
14,2
13,2
12,3
12,2
12,1
11,28
11,26
11,24
11,23
11,21
11,19
11,18
11,16
11,15
11,14
11,13
11,10
11,9
11,8
11,7
11,6
11,5
11,4
11,3
11,2
11,1
10,294
10,286
10,285
18,1
10,268
10,254
18,3
14,1
14,3
13,1
13,3
10,240
10,237
10,235
10,228
10,225
10,193
10,191
10,185
10,155
10,141
10,89
10,85
10,67
10,19
10,1
10,11
10,3
10,2
